{
 "cells": [
  {
   "cell_type": "code",
   "execution_count": 2,
   "id": "7fa07d0b",
   "metadata": {},
   "outputs": [
    {
     "name": "stdout",
     "output_type": "stream",
     "text": [
      "Requirement already satisfied: PyPortfolioOpt in /Users/sharique/opt/anaconda3/envs/qsharp-env/lib/python3.9/site-packages (1.5.3)\n",
      "Requirement already satisfied: numpy<2.0.0,>=1.22.4 in /Users/sharique/opt/anaconda3/envs/qsharp-env/lib/python3.9/site-packages (from PyPortfolioOpt) (1.23.1)\n",
      "Requirement already satisfied: pandas>=0.19 in /Users/sharique/opt/anaconda3/envs/qsharp-env/lib/python3.9/site-packages (from PyPortfolioOpt) (1.4.3)\n",
      "Requirement already satisfied: scipy<2.0,>=1.3 in /Users/sharique/opt/anaconda3/envs/qsharp-env/lib/python3.9/site-packages (from PyPortfolioOpt) (1.8.1)\n",
      "Requirement already satisfied: cvxpy<2.0.0,>=1.1.10 in /Users/sharique/opt/anaconda3/envs/qsharp-env/lib/python3.9/site-packages (from PyPortfolioOpt) (1.2.1)\n",
      "Requirement already satisfied: scs>=1.1.6 in /Users/sharique/opt/anaconda3/envs/qsharp-env/lib/python3.9/site-packages (from cvxpy<2.0.0,>=1.1.10->PyPortfolioOpt) (3.2.0)\n",
      "Requirement already satisfied: ecos>=2 in /Users/sharique/opt/anaconda3/envs/qsharp-env/lib/python3.9/site-packages (from cvxpy<2.0.0,>=1.1.10->PyPortfolioOpt) (2.0.10)\n",
      "Requirement already satisfied: osqp>=0.4.1 in /Users/sharique/opt/anaconda3/envs/qsharp-env/lib/python3.9/site-packages (from cvxpy<2.0.0,>=1.1.10->PyPortfolioOpt) (0.6.2.post5)\n",
      "Requirement already satisfied: python-dateutil>=2.8.1 in /Users/sharique/opt/anaconda3/envs/qsharp-env/lib/python3.9/site-packages (from pandas>=0.19->PyPortfolioOpt) (2.8.2)\n",
      "Requirement already satisfied: pytz>=2020.1 in /Users/sharique/opt/anaconda3/envs/qsharp-env/lib/python3.9/site-packages (from pandas>=0.19->PyPortfolioOpt) (2022.1)\n",
      "Requirement already satisfied: qdldl in /Users/sharique/opt/anaconda3/envs/qsharp-env/lib/python3.9/site-packages (from osqp>=0.4.1->cvxpy<2.0.0,>=1.1.10->PyPortfolioOpt) (0.1.5.post2)\n",
      "Requirement already satisfied: six>=1.5 in /Users/sharique/opt/anaconda3/envs/qsharp-env/lib/python3.9/site-packages (from python-dateutil>=2.8.1->pandas>=0.19->PyPortfolioOpt) (1.16.0)\n",
      "Note: you may need to restart the kernel to use updated packages.\n",
      "Requirement already satisfied: cvxopt in /Users/sharique/opt/anaconda3/envs/qsharp-env/lib/python3.9/site-packages (1.3.0)\n",
      "Note: you may need to restart the kernel to use updated packages.\n",
      "Requirement already satisfied: cvxpy in /Users/sharique/opt/anaconda3/envs/qsharp-env/lib/python3.9/site-packages (1.2.1)\n",
      "Requirement already satisfied: ecos>=2 in /Users/sharique/opt/anaconda3/envs/qsharp-env/lib/python3.9/site-packages (from cvxpy) (2.0.10)\n",
      "Requirement already satisfied: numpy>=1.15 in /Users/sharique/opt/anaconda3/envs/qsharp-env/lib/python3.9/site-packages (from cvxpy) (1.23.1)\n",
      "Requirement already satisfied: scs>=1.1.6 in /Users/sharique/opt/anaconda3/envs/qsharp-env/lib/python3.9/site-packages (from cvxpy) (3.2.0)\n",
      "Requirement already satisfied: scipy>=1.1.0 in /Users/sharique/opt/anaconda3/envs/qsharp-env/lib/python3.9/site-packages (from cvxpy) (1.8.1)\n",
      "Requirement already satisfied: osqp>=0.4.1 in /Users/sharique/opt/anaconda3/envs/qsharp-env/lib/python3.9/site-packages (from cvxpy) (0.6.2.post5)\n",
      "Requirement already satisfied: qdldl in /Users/sharique/opt/anaconda3/envs/qsharp-env/lib/python3.9/site-packages (from osqp>=0.4.1->cvxpy) (0.1.5.post2)\n",
      "Note: you may need to restart the kernel to use updated packages.\n",
      "Requirement already satisfied: plotly==5.9.0 in /Users/sharique/opt/anaconda3/envs/qsharp-env/lib/python3.9/site-packages (5.9.0)\n",
      "Requirement already satisfied: tenacity>=6.2.0 in /Users/sharique/opt/anaconda3/envs/qsharp-env/lib/python3.9/site-packages (from plotly==5.9.0) (8.0.1)\n",
      "Note: you may need to restart the kernel to use updated packages.\n"
     ]
    }
   ],
   "source": [
    "import os                              \n",
    "import numpy as np\n",
    "from numpy import number                    \n",
    "import pandas as pd                     \n",
    "import matplotlib.pyplot as plt  \n",
    "import math\n",
    "from typing import List\n",
    "from azure.quantum.optimization import Problem, ProblemType, Term\n",
    "from azure.quantum.optimization import ParallelTempering\n",
    "from azure.quantum.optimization import Term, SlcTerm\n",
    "%pip install PyPortfolioOpt\n",
    "%pip install cvxopt\n",
    "%pip install cvxpy\n",
    "%pip install plotly==5.9.0"
   ]
  },
  {
   "cell_type": "markdown",
   "id": "041b44fb",
   "metadata": {},
   "source": [
    "Data Preprocessing"
   ]
  },
  {
   "cell_type": "code",
   "execution_count": 3,
   "id": "58e664e9",
   "metadata": {},
   "outputs": [
    {
     "name": "stdout",
     "output_type": "stream",
     "text": [
      "['HDFCBANK', 'HINDUNILVR', 'INFY', 'M&M', 'MARUTI', 'NESTLEIND', 'NTPC', 'ONGC', 'RELIANCE', 'TCS']\n"
     ]
    }
   ],
   "source": [
    "stocks = [stock.split('.')[0] for stock in sorted(os.listdir(\"Datasets/BSE 10 stocks\"))]\n",
    "stocks = stocks[1:]\n",
    "\n",
    "print(stocks)"
   ]
  },
  {
   "cell_type": "code",
   "execution_count": 4,
   "id": "df17cc58",
   "metadata": {},
   "outputs": [],
   "source": [
    "dates = pd.date_range('2021-06-27', '2022-06-27') \n",
    "data = pd.DataFrame({'Time': dates})\n"
   ]
  },
  {
   "cell_type": "code",
   "execution_count": 5,
   "id": "7cb2e095",
   "metadata": {},
   "outputs": [],
   "source": [
    "for stock in stocks:\n",
    "    prices = pd.read_csv(\"Datasets/BSE 10 stocks/\"+stock+\".csv\", usecols=['Date', 'WAP'])\n",
    "    #print(prices)\n",
    "    prices['Date'] = pd.to_datetime(prices['Date'], dayfirst = True)  \n",
    "    #print(prices)\n",
    "    prices.rename(                                                            \n",
    "        columns={\"Date\": \"Time\", \"WAP\": stock},\n",
    "        inplace=True\n",
    "    )\n",
    "    data = pd.merge(data,prices)"
   ]
  },
  {
   "cell_type": "code",
   "execution_count": 6,
   "id": "994994e8",
   "metadata": {},
   "outputs": [],
   "source": [
    "portfolio = pd.DataFrame(data['Time'])"
   ]
  },
  {
   "cell_type": "code",
   "execution_count": 7,
   "id": "5567c0fa",
   "metadata": {},
   "outputs": [
    {
     "data": {
      "text/plain": [
       "array([ 1362.98508175,  2325.06299449,  1476.05466426,  1082.33540129,\n",
       "        8485.91328009, 17331.08250737,   138.12682584,   140.30607119,\n",
       "        2513.46585183,  3332.54017435])"
      ]
     },
     "execution_count": 7,
     "metadata": {},
     "output_type": "execute_result"
    }
   ],
   "source": [
    "cp = data .drop(['Time'], axis=1).tail(1).to_numpy()\n",
    "cp = cp[0]\n",
    "cp"
   ]
  },
  {
   "cell_type": "code",
   "execution_count": 8,
   "id": "b885b00c",
   "metadata": {},
   "outputs": [
    {
     "data": {
      "text/html": [
       "<div>\n",
       "<style scoped>\n",
       "    .dataframe tbody tr th:only-of-type {\n",
       "        vertical-align: middle;\n",
       "    }\n",
       "\n",
       "    .dataframe tbody tr th {\n",
       "        vertical-align: top;\n",
       "    }\n",
       "\n",
       "    .dataframe thead th {\n",
       "        text-align: right;\n",
       "    }\n",
       "</style>\n",
       "<table border=\"1\" class=\"dataframe\">\n",
       "  <thead>\n",
       "    <tr style=\"text-align: right;\">\n",
       "      <th></th>\n",
       "      <th>HDFCBANK</th>\n",
       "      <th>HINDUNILVR</th>\n",
       "      <th>INFY</th>\n",
       "      <th>M&amp;M</th>\n",
       "      <th>MARUTI</th>\n",
       "      <th>NESTLEIND</th>\n",
       "      <th>NTPC</th>\n",
       "      <th>ONGC</th>\n",
       "      <th>RELIANCE</th>\n",
       "      <th>TCS</th>\n",
       "    </tr>\n",
       "  </thead>\n",
       "  <tbody>\n",
       "    <tr>\n",
       "      <th>0</th>\n",
       "      <td>NaN</td>\n",
       "      <td>NaN</td>\n",
       "      <td>NaN</td>\n",
       "      <td>NaN</td>\n",
       "      <td>NaN</td>\n",
       "      <td>NaN</td>\n",
       "      <td>NaN</td>\n",
       "      <td>NaN</td>\n",
       "      <td>NaN</td>\n",
       "      <td>NaN</td>\n",
       "    </tr>\n",
       "    <tr>\n",
       "      <th>1</th>\n",
       "      <td>-0.007444</td>\n",
       "      <td>0.004518</td>\n",
       "      <td>-0.003719</td>\n",
       "      <td>-0.012107</td>\n",
       "      <td>-0.013844</td>\n",
       "      <td>0.004683</td>\n",
       "      <td>-0.007994</td>\n",
       "      <td>-0.022936</td>\n",
       "      <td>-0.002515</td>\n",
       "      <td>-0.000406</td>\n",
       "    </tr>\n",
       "    <tr>\n",
       "      <th>2</th>\n",
       "      <td>0.001268</td>\n",
       "      <td>0.006934</td>\n",
       "      <td>0.012004</td>\n",
       "      <td>-0.000119</td>\n",
       "      <td>0.009329</td>\n",
       "      <td>0.002995</td>\n",
       "      <td>0.007432</td>\n",
       "      <td>-0.006999</td>\n",
       "      <td>0.005660</td>\n",
       "      <td>0.005163</td>\n",
       "    </tr>\n",
       "    <tr>\n",
       "      <th>3</th>\n",
       "      <td>-0.008289</td>\n",
       "      <td>-0.004113</td>\n",
       "      <td>-0.011562</td>\n",
       "      <td>0.005765</td>\n",
       "      <td>-0.001113</td>\n",
       "      <td>-0.001757</td>\n",
       "      <td>-0.002304</td>\n",
       "      <td>-0.011125</td>\n",
       "      <td>0.001306</td>\n",
       "      <td>-0.005388</td>\n",
       "    </tr>\n",
       "    <tr>\n",
       "      <th>4</th>\n",
       "      <td>-0.005006</td>\n",
       "      <td>-0.000344</td>\n",
       "      <td>-0.006978</td>\n",
       "      <td>-0.008266</td>\n",
       "      <td>0.000992</td>\n",
       "      <td>-0.004671</td>\n",
       "      <td>0.009426</td>\n",
       "      <td>0.011152</td>\n",
       "      <td>0.004894</td>\n",
       "      <td>-0.010042</td>\n",
       "    </tr>\n",
       "  </tbody>\n",
       "</table>\n",
       "</div>"
      ],
      "text/plain": [
       "   HDFCBANK  HINDUNILVR      INFY       M&M    MARUTI  NESTLEIND      NTPC  \\\n",
       "0       NaN         NaN       NaN       NaN       NaN        NaN       NaN   \n",
       "1 -0.007444    0.004518 -0.003719 -0.012107 -0.013844   0.004683 -0.007994   \n",
       "2  0.001268    0.006934  0.012004 -0.000119  0.009329   0.002995  0.007432   \n",
       "3 -0.008289   -0.004113 -0.011562  0.005765 -0.001113  -0.001757 -0.002304   \n",
       "4 -0.005006   -0.000344 -0.006978 -0.008266  0.000992  -0.004671  0.009426   \n",
       "\n",
       "       ONGC  RELIANCE       TCS  \n",
       "0       NaN       NaN       NaN  \n",
       "1 -0.022936 -0.002515 -0.000406  \n",
       "2 -0.006999  0.005660  0.005163  \n",
       "3 -0.011125  0.001306 -0.005388  \n",
       "4  0.011152  0.004894 -0.010042  "
      ]
     },
     "execution_count": 8,
     "metadata": {},
     "output_type": "execute_result"
    }
   ],
   "source": [
    "r = data[(data['Time'] >= '2021-06-27')] \\\n",
    "    .drop(['Time'], axis=1) \\\n",
    "    .pct_change(fill_method='ffill')\n",
    "r.head()"
   ]
  },
  {
   "cell_type": "code",
   "execution_count": 72,
   "id": "98938e7d",
   "metadata": {},
   "outputs": [
    {
     "name": "stdout",
     "output_type": "stream",
     "text": [
      "[-3.00405913e-04 -1.30064817e-04 -1.38454654e-04  1.39666650e-03\n",
      "  5.85765343e-04  4.07695216e-06  7.87364886e-04  7.54522881e-04\n",
      "  8.23689561e-04  6.35391242e-05]\n",
      "[[ 2.30869850e-04  8.09591286e-05  8.89928629e-05  1.01682190e-04\n",
      "   1.04374309e-04  5.31190925e-05  3.90028603e-05  1.27687077e-06\n",
      "   7.65492664e-05  7.33936152e-05]\n",
      " [ 8.09591286e-05  1.73364445e-04  4.50707233e-05  7.87397216e-05\n",
      "   8.92841709e-05  7.39565780e-05  3.43997410e-05 -1.67462894e-05\n",
      "   6.10502944e-05  5.72677814e-05]\n",
      " [ 8.89928629e-05  4.50707233e-05  2.22677880e-04  6.91954269e-05\n",
      "   3.82436535e-05  3.88530838e-05  2.26276373e-05  3.06702062e-05\n",
      "   8.25130977e-05  1.26741988e-04]\n",
      " [ 1.01682190e-04  7.87397216e-05  6.91954269e-05  2.90708316e-04\n",
      "   1.49349297e-04  5.13302723e-05  7.73516281e-05  1.58682856e-05\n",
      "   1.19581211e-04  6.53565629e-05]\n",
      " [ 1.04374309e-04  8.92841709e-05  3.82436535e-05  1.49349297e-04\n",
      "   2.92936129e-04  4.87532414e-05  6.19591547e-05 -2.20330044e-05\n",
      "   5.97921962e-05  4.60855199e-05]\n",
      " [ 5.31190925e-05  7.39565780e-05  3.88530838e-05  5.13302723e-05\n",
      "   4.87532414e-05  1.06672622e-04  1.80152191e-05 -1.33663049e-05\n",
      "   4.42213140e-05  4.06531421e-05]\n",
      " [ 3.90028603e-05  3.43997410e-05  2.26276373e-05  7.73516281e-05\n",
      "   6.19591547e-05  1.80152191e-05  2.33789520e-04  1.43868072e-04\n",
      "   5.27658610e-05  3.43099908e-05]\n",
      " [ 1.27687077e-06 -1.67462894e-05  3.06702062e-05  1.58682856e-05\n",
      "  -2.20330044e-05 -1.33663049e-05  1.43868072e-04  4.62778380e-04\n",
      "   4.11776136e-05  3.54275687e-05]\n",
      " [ 7.65492664e-05  6.10502944e-05  8.25130977e-05  1.19581211e-04\n",
      "   5.97921962e-05  4.42213140e-05  5.27658610e-05  4.11776136e-05\n",
      "   2.01191233e-04  6.80858085e-05]\n",
      " [ 7.33936152e-05  5.72677814e-05  1.26741988e-04  6.53565629e-05\n",
      "   4.60855199e-05  4.06531421e-05  3.43099908e-05  3.54275687e-05\n",
      "   6.80858085e-05  1.59050860e-04]]\n"
     ]
    }
   ],
   "source": [
    "mu = r.mean().to_numpy()\n",
    "sigma = r.cov().to_numpy()\n",
    "n=len(stocks)\n",
    "print(mu)\n",
    "print(sigma)\n"
   ]
  },
  {
   "cell_type": "code",
   "execution_count": 10,
   "id": "ea04c8be",
   "metadata": {},
   "outputs": [
    {
     "data": {
      "text/plain": [
       "'1.5.3'"
      ]
     },
     "execution_count": 10,
     "metadata": {},
     "output_type": "execute_result"
    }
   ],
   "source": [
    "import pypfopt\n",
    "pypfopt.__version__"
   ]
  },
  {
   "cell_type": "code",
   "execution_count": 11,
   "id": "68b0f1da",
   "metadata": {},
   "outputs": [
    {
     "data": {
      "text/html": [
       "<div>\n",
       "<style scoped>\n",
       "    .dataframe tbody tr th:only-of-type {\n",
       "        vertical-align: middle;\n",
       "    }\n",
       "\n",
       "    .dataframe tbody tr th {\n",
       "        vertical-align: top;\n",
       "    }\n",
       "\n",
       "    .dataframe thead th {\n",
       "        text-align: right;\n",
       "    }\n",
       "</style>\n",
       "<table border=\"1\" class=\"dataframe\">\n",
       "  <thead>\n",
       "    <tr style=\"text-align: right;\">\n",
       "      <th></th>\n",
       "      <th>HDFCBANK</th>\n",
       "      <th>HINDUNILVR</th>\n",
       "      <th>INFY</th>\n",
       "      <th>M&amp;M</th>\n",
       "      <th>MARUTI</th>\n",
       "      <th>NESTLEIND</th>\n",
       "      <th>NTPC</th>\n",
       "      <th>ONGC</th>\n",
       "      <th>RELIANCE</th>\n",
       "      <th>TCS</th>\n",
       "    </tr>\n",
       "  </thead>\n",
       "  <tbody>\n",
       "    <tr>\n",
       "      <th>HDFCBANK</th>\n",
       "      <td>0.058179</td>\n",
       "      <td>0.020402</td>\n",
       "      <td>0.022426</td>\n",
       "      <td>0.025624</td>\n",
       "      <td>0.026302</td>\n",
       "      <td>0.013386</td>\n",
       "      <td>0.009829</td>\n",
       "      <td>0.000322</td>\n",
       "      <td>0.019290</td>\n",
       "      <td>0.018495</td>\n",
       "    </tr>\n",
       "    <tr>\n",
       "      <th>HINDUNILVR</th>\n",
       "      <td>0.020402</td>\n",
       "      <td>0.043688</td>\n",
       "      <td>0.011358</td>\n",
       "      <td>0.019842</td>\n",
       "      <td>0.022500</td>\n",
       "      <td>0.018637</td>\n",
       "      <td>0.008669</td>\n",
       "      <td>-0.004220</td>\n",
       "      <td>0.015385</td>\n",
       "      <td>0.014431</td>\n",
       "    </tr>\n",
       "    <tr>\n",
       "      <th>INFY</th>\n",
       "      <td>0.022426</td>\n",
       "      <td>0.011358</td>\n",
       "      <td>0.056115</td>\n",
       "      <td>0.017437</td>\n",
       "      <td>0.009637</td>\n",
       "      <td>0.009791</td>\n",
       "      <td>0.005702</td>\n",
       "      <td>0.007729</td>\n",
       "      <td>0.020793</td>\n",
       "      <td>0.031939</td>\n",
       "    </tr>\n",
       "    <tr>\n",
       "      <th>M&amp;M</th>\n",
       "      <td>0.025624</td>\n",
       "      <td>0.019842</td>\n",
       "      <td>0.017437</td>\n",
       "      <td>0.073258</td>\n",
       "      <td>0.037636</td>\n",
       "      <td>0.012935</td>\n",
       "      <td>0.019493</td>\n",
       "      <td>0.003999</td>\n",
       "      <td>0.030134</td>\n",
       "      <td>0.016470</td>\n",
       "    </tr>\n",
       "    <tr>\n",
       "      <th>MARUTI</th>\n",
       "      <td>0.026302</td>\n",
       "      <td>0.022500</td>\n",
       "      <td>0.009637</td>\n",
       "      <td>0.037636</td>\n",
       "      <td>0.073820</td>\n",
       "      <td>0.012286</td>\n",
       "      <td>0.015614</td>\n",
       "      <td>-0.005552</td>\n",
       "      <td>0.015068</td>\n",
       "      <td>0.011614</td>\n",
       "    </tr>\n",
       "    <tr>\n",
       "      <th>NESTLEIND</th>\n",
       "      <td>0.013386</td>\n",
       "      <td>0.018637</td>\n",
       "      <td>0.009791</td>\n",
       "      <td>0.012935</td>\n",
       "      <td>0.012286</td>\n",
       "      <td>0.026882</td>\n",
       "      <td>0.004540</td>\n",
       "      <td>-0.003368</td>\n",
       "      <td>0.011144</td>\n",
       "      <td>0.010245</td>\n",
       "    </tr>\n",
       "    <tr>\n",
       "      <th>NTPC</th>\n",
       "      <td>0.009829</td>\n",
       "      <td>0.008669</td>\n",
       "      <td>0.005702</td>\n",
       "      <td>0.019493</td>\n",
       "      <td>0.015614</td>\n",
       "      <td>0.004540</td>\n",
       "      <td>0.058915</td>\n",
       "      <td>0.036255</td>\n",
       "      <td>0.013297</td>\n",
       "      <td>0.008646</td>\n",
       "    </tr>\n",
       "    <tr>\n",
       "      <th>ONGC</th>\n",
       "      <td>0.000322</td>\n",
       "      <td>-0.004220</td>\n",
       "      <td>0.007729</td>\n",
       "      <td>0.003999</td>\n",
       "      <td>-0.005552</td>\n",
       "      <td>-0.003368</td>\n",
       "      <td>0.036255</td>\n",
       "      <td>0.116620</td>\n",
       "      <td>0.010377</td>\n",
       "      <td>0.008928</td>\n",
       "    </tr>\n",
       "    <tr>\n",
       "      <th>RELIANCE</th>\n",
       "      <td>0.019290</td>\n",
       "      <td>0.015385</td>\n",
       "      <td>0.020793</td>\n",
       "      <td>0.030134</td>\n",
       "      <td>0.015068</td>\n",
       "      <td>0.011144</td>\n",
       "      <td>0.013297</td>\n",
       "      <td>0.010377</td>\n",
       "      <td>0.050700</td>\n",
       "      <td>0.017158</td>\n",
       "    </tr>\n",
       "    <tr>\n",
       "      <th>TCS</th>\n",
       "      <td>0.018495</td>\n",
       "      <td>0.014431</td>\n",
       "      <td>0.031939</td>\n",
       "      <td>0.016470</td>\n",
       "      <td>0.011614</td>\n",
       "      <td>0.010245</td>\n",
       "      <td>0.008646</td>\n",
       "      <td>0.008928</td>\n",
       "      <td>0.017158</td>\n",
       "      <td>0.040081</td>\n",
       "    </tr>\n",
       "  </tbody>\n",
       "</table>\n",
       "</div>"
      ],
      "text/plain": [
       "            HDFCBANK  HINDUNILVR      INFY       M&M    MARUTI  NESTLEIND  \\\n",
       "HDFCBANK    0.058179    0.020402  0.022426  0.025624  0.026302   0.013386   \n",
       "HINDUNILVR  0.020402    0.043688  0.011358  0.019842  0.022500   0.018637   \n",
       "INFY        0.022426    0.011358  0.056115  0.017437  0.009637   0.009791   \n",
       "M&M         0.025624    0.019842  0.017437  0.073258  0.037636   0.012935   \n",
       "MARUTI      0.026302    0.022500  0.009637  0.037636  0.073820   0.012286   \n",
       "NESTLEIND   0.013386    0.018637  0.009791  0.012935  0.012286   0.026882   \n",
       "NTPC        0.009829    0.008669  0.005702  0.019493  0.015614   0.004540   \n",
       "ONGC        0.000322   -0.004220  0.007729  0.003999 -0.005552  -0.003368   \n",
       "RELIANCE    0.019290    0.015385  0.020793  0.030134  0.015068   0.011144   \n",
       "TCS         0.018495    0.014431  0.031939  0.016470  0.011614   0.010245   \n",
       "\n",
       "                NTPC      ONGC  RELIANCE       TCS  \n",
       "HDFCBANK    0.009829  0.000322  0.019290  0.018495  \n",
       "HINDUNILVR  0.008669 -0.004220  0.015385  0.014431  \n",
       "INFY        0.005702  0.007729  0.020793  0.031939  \n",
       "M&M         0.019493  0.003999  0.030134  0.016470  \n",
       "MARUTI      0.015614 -0.005552  0.015068  0.011614  \n",
       "NESTLEIND   0.004540 -0.003368  0.011144  0.010245  \n",
       "NTPC        0.058915  0.036255  0.013297  0.008646  \n",
       "ONGC        0.036255  0.116620  0.010377  0.008928  \n",
       "RELIANCE    0.013297  0.010377  0.050700  0.017158  \n",
       "TCS         0.008646  0.008928  0.017158  0.040081  "
      ]
     },
     "execution_count": 11,
     "metadata": {},
     "output_type": "execute_result"
    },
    {
     "data": {
